5.7188 194.3 25
6.4375 197.5 14
8.1719 195.3 11
9.4063 199.0 23
10.6250 196.5 9
12.6406 301.0 14
17.8125 368.3 10
19.5938 337.5 11
20.5781 324.3 20
22.2344 325.3 23
23.0625 327.3 22
24.6250 322.3 16
25.3594 339.3 13
26.7500 337.3 20
30.8594 273.0 9
32.0781 273.0 9
32.5000 275.0 9
68.4531 718.3 13
71.6563 555.0 18
72.6875 559.3 22
73.8594 558.5 26
75.2500 559.8 15
79.4063 273.5 14
81.0938 275.5 13
81.4531 282.0 11
82.7656 305.3 9
83.5000 318.0 10
84.3750 327.3 16
85.6563 333.0 18
87.1406 332.8 18
87.7344 335.0 15
89.2031 320.8 13
90.5000 323.8 13
91.7813 322.5 14
93.9688 300.5 10
95.0313 285.8 10
95.9375 286.5 14
97.0781 290.5 13
98.3438 293.8 14
99.7656 302.5 15
100.8750 306.5 13
102.0781 323.0 12
103.0625 331.8 11
103.9375 348.8 11
104.9219 340.0 20
106.1094 343.5 20
107.7813 349.5 17
108.4531 356.3 17
109.6094 365.5 17
110.8750 371.0 19
112.0469 380.5 23
113.0000 395.0 12
114.2344 396.8 15
115.5781 408.3 19
116.8125 411.0 18
118.1094 414.8 20
119.0000 427.0 17
120.4688 429.3 15
121.5469 442.0 15
122.8125 438.5 13
124.2031 436.8 23
125.5938 379.3 21
127.2969 375.3 17
128.1563 371.3 24
129.8438 368.0 22
131.3594 443.3 14
133.1875 371.8 10
134.6250 347.8 18
136.0625 339.0 18
137.7188 336.3 20
138.8281 335.8 18
139.7344 337.5 15
140.9844 342.0 14
142.3594 347.0 16
143.6094 346.5 20
144.6094 341.3 18
146.2500 338.3 24
147.1563 339.5 23
148.1250 341.8 22
149.4688 341.5 19
151.1875 336.5 25
152.1250 334.5 22
153.6875 308.8 15
155.0625 304.3 24
156.0938 306.8 21
157.5938 319.0 15
158.0625 336.0 12
159.7656 346.8 20
160.7344 353.3 19
161.8906 366.0 12
162.5156 390.0 12
164.6250 350.8 18
165.4375 353.8 25
167.0156 348.8 22
168.0156 349.8 18
169.2031 358.0 24
170.7188 353.8 24
171.8906 352.8 25
172.7656 353.8 24
174.2656 357.8 22
175.1094 363.0 23
176.6250 342.8 22
177.7656 345.0 20
179.0156 353.0 18
179.9531 368.3 14
182.1563 612.8 15
183.5000 616.5 11
184.7344 607.8 19
185.8750 613.8 12
187.1719 601.0 20
188.2813 597.5 17
189.6094 596.3 19
191.0000 584.8 17
192.2344 582.0 31
193.4375 584.0 35
195.0938 819.5 18
196.4063 770.3 17
198.5781 951.5 31
199.7188 959.3 35
200.9688 971.8 34
202.2813 949.8 26
203.5000 915.3 33
204.8281 882.0 31
206.0625 853.0 29
207.4375 824.0 31
208.7188 797.5 34
210.0000 773.5 32
211.2813 753.5 33
212.5781 732.3 36
213.7344 712.5 34
215.0156 694.3 33
216.4063 677.3 31
217.6719 662.3 32
218.8594 647.8 41
220.2344 633.0 35
221.4844 620.3 34
222.7188 609.0 35
223.8906 598.3 34
225.3438 589.3 39
226.4219 579.3 35
227.6875 571.5 38
229.1875 562.5 34
230.3438 556.0 37
231.7031 548.5 35
232.9219 542.0 35
234.0938 535.0 37
235.3125 528.3 33
237.5313 427.5 28
238.4063 423.8 30
239.6875 420.0 36
241.2813 416.5 35
242.2188 417.5 17
243.3125 437.5 16
244.3438 461.3 15
245.6406 484.3 16
246.6719 490.0 37
248.1094 486.8 34
249.0781 483.8 32
250.5469 481.8 39
251.6406 479.8 41
252.9219 476.8 34
254.3438 476.0 38
255.3281 474.0 38
256.6250 472.8 36
257.9375 471.8 38
259.2344 472.0 41
260.2656 471.3 39
261.6250 470.8 42
262.9688 471.3 39
264.2344 470.8 40
265.3750 471.5 39
266.7188 472.5 41
267.9531 473.0 38
268.9375 474.5 39
270.1250 475.3 35
271.3125 477.3 36
272.5469 479.0 34
273.8438 480.8 37
275.1250 483.5 29
276.4375 485.5 35
277.5469 487.3 34
278.6563 491.0 34
280.0938 494.0 40
281.1563 497.3 35
282.2813 500.0 34
283.5156 505.0 36
284.9219 508.8 36
286.0313 512.3 35
287.1250 518.5 35
288.4531 522.3 31
289.6563 528.5 30
290.8906 534.3 35
292.0156 541.0 33
293.1094 547.8 36
294.5313 554.0 32
295.6875 561.5 35
296.8125 568.3 35
297.9219 577.8 37
300.0625 415.5 18
301.6563 401.0 29
302.7969 397.3 28
303.9844 389.3 22
305.6719 380.0 23
306.9063 372.8 19
307.9375 367.8 13
318.0313 184.8 9
324.1719 203.8 13
325.4063 202.3 17
325.6406 200.0 23
327.8594 197.8 25
329.0938 196.3 24
330.3281 194.5 28
331.5625 193.0 25
332.7813 191.5 28
334.0156 190.8 28
334.6719 189.5 24
336.5625 188.5 29
338.0469 187.8 28
339.0313 187.0 29
340.2656 186.3 27
341.5000 185.8 28
342.7344 185.5 30
343.9688 185.0 26
345.2031 184.8 26
346.4375 184.5 27
347.6563 184.5 27
348.8906 184.5 26
350.1250 184.8 26
351.6094 185.0 27
352.5938 185.3 28
353.8281 185.5 30
355.0625 186.0 25
356.2969 186.5 25
357.5313 187.3 29
358.7656 188.0 28
359.9844 188.8 26
1.2031 189.8 27
2.4375 191.0 26
3.6719 192.0 25
4.9063 193.3 26
