20 69 5
2 10 -10
12 17 -7
16 86 6
11 39 -8
9 21 23
7 87 21
15 86 -25
1 8 2
16 4 19
2 8 1
3 20 -14
18 36 -10
10 91 -13
4 1 -18
1 51 29
18 28 16
3 28 5
6 5 -20
2 16 -16
4 36 24
14 31 -6
4 7 -27
14 25 -22
19 98 5
10 64 -13
19 80 -30
4 41 28
5 9 6
2 55 -6
2 31 -22
2 67 -21
11 42 23
9 38 2
11 97 -8
9 97 7
2 10 -26
7 60 -14
0 1 -8
6 54 30
4 32 30
7 35 -12
6 44 -11
8 47 6
20 32 6
0 79 1
15 41 15
15 53 -26
6 67 13
20 13 5
14 30 22
18 14 -2
15 17 4
13 48 9
4 97 -7
16 88 5
13 38 4
15 6 30
20 80 10
16 40 22
13 40 -1
12 94 -8
20 44 26
11 98 -8
20 42 -27
10 14 1
1 48 -17
16 23 9
12 6 0
16 29 -3
14 64 -6
15 27 -16
7 100 -21
9 33 -2
14 58 18
16 61 -27
16 20 15
11 59 12
18 9 -8
4 92 -29
6 20 -22
11 4 -29
5 53 21
20 13 -24
20 93 -24
8 73 -8
14 62 1
7 64 8
17 66 -22
17 78 -17
6 59 30
9 95 -3
11 9 29
18 89 -18
17 25 16
4 27 10
13 97 3
17 97 -18
12 34 -25
7 74 -6
20 65 4
6 5 -9
16 33 -18
11 81 -11
8 77 -6
7 94 -26
10 95 22
3 74 -25
13 10 -9
2 60 11
5 84 18
14 77 -17
18 50 0
10 94 -10
7 47 2
2 30 9
17 22 3
5 26 13
13 48 18
9 56 -7
11 33 18
14 76 -20
7 88 -19
16 92 -15
0 2 -14
13 18 -28
19 99 -11
12 31 7
14 80 20
8 13 -24
0 81 26
8 63 -24
3 3 7
9 3 -3
11 76 23
6 97 8
14 96 19
9 25 19
13 88 -13
20 36 -4
5 98 8
19 33 -26
3 97 8
14 70 -3
17 26 27
7 60 -19
19 21 -23
15 80 -3
13 50 29
11 17 10
11 46 -13
20 67 -9
3 69 -7
20 28 -22
12 63 24
12 31 27
1 2 -19
1 98 20
9 90 -2
11 29 17
7 99 9
0 85 14
13 48 24
12 24 -28
10 63 -30
15 60 10
14 31 0
16 20 20
0 30 -22
11 18 -2
18 63 -7
8 2 -5
19 60 11
17 90 26
5 74 -4
3 4 -1
10 57 -5
2 68 -23
7 46 -18
17 90 -2
14 27 29
4 10 -7
2 58 -11
4 63 2
8 17 -1
7 38 0
6 56 3
1 5 20
10 22 -4
1 27 -10
12 51 29
1 38 14
5 4 24
7 75 -1
9 89 -28
2 76 29
16 95 -29
17 13 -28
17 13 -28
19 39 29
15 2 -22
12 20 -20
12 64 25
12 63 10
6 30 11
4 10 -19
14 29 -8
4 100 1
20 23 -8
16 80 11
7 76 -13
14 83 -8
20 50 -21
17 46 -14
2 16 -26
3 13 -12
9 73 22
0 4 18
13 64 22
0 74 4
19 41 19
2 3 7
6 72 -23
15 21 -19
14 68 -5
10 0 -10
9 9 -6
4 51 -25
16 75 18
6 36 -24
4 60 -13
2 92 -23
3 81 -28
3 68 -28
18 61 -17
0 20 -14
4 33 12
7 68 13
8 35 11
4 26 27
20 94 25
6 71 8
3 57 -15
17 28 10
10 84 20
20 5 -5
5 58 -9
5 67 10
2 99 -12
10 56 10
2 66 -10
8 40 9
3 56 -22
3 96 13
12 57 21
8 46 -9
5 35 -19
11 45 -30
0 36 5
16 56 -3
16 73 12
13 31 6
1 39 4
8 6 -28
5 53 17
2 46 15
1 39 -23
9 7 -27
0 96 2
2 32 -26
6 54 -28
2 96 4
18 14 26
14 91 -7
2 63 28
14 91 25
14 50 -8
2 12 -11
17 76 10
3 5 -12
3 7 8
11 78 16
8 24 -25
12 81 -27
10 80 -19
9 36 -23
20 43 29
18 70 -24
10 85 -8
0 67 -18
9 18 -18
7 7 23
9 50 -4
18 29 13
2 27 2
17 48 -29
8 29 8
11 98 22
13 52 -13
9 50 28
0 33 -23
11 40 -6
17 38 -4
10 7 12
15 75 23
5 77 1
4 62 -9
10 80 -3
18 32 28
17 76 2
7 57 -2
10 68 7
14 5 -16
16 55 -18
1 25 11
7 14 23
18 70 0
14 81 10
1 7 -16
10 37 -13
17 59 -6
5 52 17
5 99 -11
8 55 25
10 81 -24
4 100 1
3 91 17
15 50 -24
16 15 26
14 47 -2
7 27 -16
3 51 -13
20 47 -16
14 88 6
17 42 1
0 73 19
16 66 -13
14 52 -11
11 8 -9
8 12 -13
8 47 8
16 83 -7
0 63 -16
0 54 30
5 45 6
0 42 3
19 48 -15
0 64 16
8 42 28
4 27 -2
16 95 -16
14 85 9
18 83 28
19 13 -27
15 91 -5
14 34 21
13 72 3
5 48 -3
16 30 -2
0 10 11
20 96 27
14 85 -13
12 13 -20
1 52 13
3 21 17
2 39 -25
8 97 -14
12 50 -19
1 73 21
14 64 13
14 100 -21
20 96 -17
11 43 -11
16 98 5
7 100 1
1 4 -14
18 79 -28
18 46 15
0 6 -12
3 45 12
2 66 15
8 34 -1
17 29 -21
9 20 20
11 8 24
9 14 19
14 12 -17
6 27 5
12 12 -18
12 31 -19
10 18 -27
18 17 21
18 44 -14
7 5 -21
12 89 -13
2 55 -18
8 37 -3
12 32 -2
9 40 3
6 69 -12
20 31 22
14 76 0
20 69 29
6 29 1
19 77 10
14 91 0
12 57 28
20 69 3
8 54 -29
7 66 25
8 5 29
17 54 12
2 24 -21
3 52 7
1 83 -4
11 4 18
6 40 10
10 85 24
12 76 -12
18 6 5
19 30 13
2 68 16
20 13 29
12 24 6
18 16 -7
11 6 9
3 69 4
13 67 20
7 18 -30
10 16 22
12 73 30
9 90 15
2 15 -6
0 54 6
11 37 -6
20 1 -10
5 78 -14
7 46 15
14 69 -27
19 54 9
12 75 -17
1 45 -5
16 80 23
13 78 11
14 100 9
17 44 15
2 36 11
7 40 8
2 69 10
20 45 12
13 93 17
13 73 -27
9 93 11
10 23 -18
6 75 -27
6 44 2
16 85 -11
16 62 -25
8 84 21
9 71 -4
1 20 -13
3 83 19
19 82 12
1 52 8
17 53 20
3 77 27
13 82 -2
20 84 15
9 80 23
10 0 -21
19 58 -17
2 8 6
7 29 -29
4 3 -21
13 72 -13
6 16 -4
11 5 -21
4 11 -12
9 85 -11
19 67 28
9 11 15
7 4 -1
0 49 -10
19 72 -29
12 96 2
12 74 4
3 87 -1
8 41 24
20 50 15
2 72 6
0 34 13
3 88 -3
6 29 -19
1 47 8
10 99 29
4 37 -30
7 9 -19
5 32 -7
6 4 30
19 1 -2
7 69 -7
18 36 14
5 72 30
15 78 -7
18 91 10
15 90 -11
19 48 13
13 59 20
9 84 -25
1 72 5
15 30 -5
1 95 -4
4 93 4
19 3 -16
15 1 -15
8 5 7
0 41 -7
8 22 4
5 77 -20
3 20 16
0 88 -2
11 62 26
17 27 -22
18 75 15
3 79 24
15 31 -12
12 52 -18
20 29 7
19 81 7
19 90 29
0 62 1
17 33 -4
13 97 26
3 40 -7
1 57 7
6 51 -19
12 70 -10
18 57 6
11 16 11
0 56 -14
12 71 -17
4 16 29
5 82 -20
13 90 -18
17 14 -19
7 62 -11
8 34 9
1 73 24
7 22 28
17 13 24
18 9 -1
6 63 -27
9 96 20
5 20 -13
3 79 -23
0 93 -2
8 15 12
15 93 15
18 61 2
14 55 21
14 63 -30
0 100 -12
18 14 -14
2 72 -17
18 53 -20
4 74 -11
20 19 -22
14 13 -9
17 26 5
1 45 8
9 98 26
11 56 -7
17 37 -15
13 94 20
4 7 -23
2 53 -21
13 55 -16
2 13 6
6 88 13
6 15 5
16 10 9
18 99 -29
6 82 -28
15 72 6
10 15 -28
3 39 -20
15 14 4
16 25 13
18 72 -27
7 44 -24
15 30 15
2 93 28
13 63 -17
7 2 -22
9 5 -15
9 17 -28
2 50 19
5 90 -7
20 73 -19
4 41 3
13 30 -6
6 46 29
20 50 -17
17 90 24
8 35 -18
13 82 6
6 82 -7
2 35 -22
17 79 11
6 28 21
1 47 -6
6 14 -16
15 83 21
4 23 -23
9 43 26
0 83 16
18 40 14
0 81 -19
18 54 5
17 51 1
5 43 19
6 25 -26
3 31 -8
11 71 11
3 60 -12
18 35 9
0 31 30
7 15 -1
18 44 -10
15 34 -22
6 56 -5
19 74 -14
14 23 22
10 23 -14
0 88 11
16 42 -30
15 62 12
5 71 0
4 31 -10
10 51 0
2 46 24
18 97 -27
11 98 -24
10 97 -8
5 84 -2
7 44 7
3 75 -23
7 35 -17
9 25 -30
10 39 -23
16 58 29
15 97 -17
12 70 -1
7 18 -8
10 70 13
19 61 21
5 32 4
7 52 -5
8 69 16
12 89 -7
6 14 -4
2 38 -22
1 50 -7
9 91 12
17 63 -16
6 93 -4
8 68 22
1 47 25
8 35 11
0 11 9
7 12 -23
13 86 -8
4 40 -29
16 49 -17
9 1 -3
1 23 21
16 89 -22
11 63 12
3 7 8
19 57 4
16 13 -19
11 10 5
11 20 -13
9 47 -25
18 1 7
2 77 -14
13 26 -2
7 47 24
19 55 -9
17 7 25
13 60 -11
7 46 -1
8 48 20
15 59 25
19 53 -29
17 40 -23
3 88 -25
17 55 10
18 4 -22
8 66 -13
8 37 -23
13 38 -20
20 10 13
9 21 -8
3 76 20
3 75 20
9 10 1
18 69 -1
11 54 26
18 94 -22
16 0 16
2 86 -23
12 33 -21
20 68 -15
10 24 8
7 53 16
10 71 18
2 44 27
7 23 -3
10 46 -28
2 86 4
8 43 5
6 44 11
17 48 12
14 93 -8
16 38 -18
16 57 13
10 42 4
19 69 -19
8 33 -30
18 10 -4
16 70 15
9 17 6
13 5 21
2 50 26
7 0 -12
20 64 -23
4 31 10
0 17 -13
4 25 2
13 72 -26
2 93 -22
14 93 16
15 89 -30
2 43 22
4 64 -6
6 48 -23
18 72 -13
4 17 10
0 91 -9
7 29 -8
19 34 -20
18 39 14
5 67 24
12 22 -13
16 6 -18
0 94 8
0 61 24
20 9 12
5 58 18
7 31 -7
7 43 22
18 87 18
20 13 28
8 52 -29
14 13 -1
15 27 -26
16 58 29
14 86 25
1 46 -30
17 57 -3
14 84 9
14 50 16
14 46 -21
6 83 13
4 28 12
8 90 19
11 88 26
3 20 9
2 34 25
0 3 -21
8 39 17
12 81 -19
1 65 28
16 98 9
14 76 17
1 63 17
17 14 -30
12 90 -27
17 86 -2
0 43 -7
5 11 2
11 48 -13
18 42 -3
13 81 8
2 35 -23
18 23 -2
2 22 -23
18 57 8
14 15 -18
18 52 11
6 8 23
17 96 -6
8 67 24
19 43 -24
10 28 -19
11 92 -17
0 71 29
14 62 -21
9 58 -3
5 91 -7
15 16 -3
15 49 -22
12 46 -23
10 0 29
13 35 -19
17 44 10
18 84 20
16 76 -17
4 44 -22
12 62 14
15 92 -5
2 59 -17
0 16 -1
9 43 -6
18 47 25
4 6 7
10 91 2
11 75 27
1 36 24
7 9 -11
14 67 10
6 30 10
13 26 23
6 96 22
5 38 9
2 74 13
14 98 0
20 99 12
9 0 7
4 94 -19
9 41 -23
3 53 -1
4 73 -14
2 37 23
17 8 10
6 52 -9
9 58 -6
16 32 21
7 0 -14
13 23 -6
12 66 -18
15 76 -4
4 30 -17
0 39 16
16 17 14
15 68 -2
16 77 28
11 44 5
7 46 18
0 75 28
6 66 -8
14 10 10
19 37 11
11 13 18
17 99 -12
0 15 6
17 47 -19
2 75 -27
6 24 15
1 82 -24
10 16 19
3 39 -29
5 26 -7
1 92 -20
5 40 -14
19 12 25
1 81 15
12 7 21
10 72 -4
4 57 26
18 47 10
18 6 -1
16 88 -22
10 40 -15
11 25 -27
2 16 18
7 86 11
7 62 6
6 95 10
13 62 -14
20 70 21
18 4 23
7 99 -29
2 20 -24
8 63 7
10 76 -26
5 45 21
8 97 -11
16 75 23
20 43 10
10 80 -9
11 8 9
20 29 -27
2 56 -15
0 53 9
10 20 30
4 1 7
18 9 16
8 59 30
2 76 8
15 20 -11
15 46 11
3 43 -9
19 10 7
2 59 16
10 78 20
10 83 -12
8 53 10
18 63 22
5 67 -21
1 13 -4
5 22 -2
12 57 -29
8 55 15
17 80 17
5 7 0
14 32 14
7 88 -15
2 35 -7
4 75 -11
1 19 -29
8 26 30
17 31 -14
6 24 26
6 98 -10
4 57 21
16 48 1
20 52 11
11 33 -17
5 8 -25
10 0 11
5 94 -26
4 1 -6
12 69 -18
1 17 16
16 87 7
14 66 -22
18 55 -2
4 46 -4
18 12 4
2 1 9
3 32 1
7 7 -12
9 81 -22
20 63 -21
11 28 -14
7 93 10
12 20 -17
14 39 -8
1 15 25
18 49 1
3 16 15
18 82 29
10 81 -14
1 25 -20
5 68 -16
4 25 -23
5 12 -12
20 86 4
20 89 6
4 21 2
5 36 29
9 41 14
16 44 20
20 82 -16
4 76 -11
10 19 12
5 72 -28
11 35 4
14 22 19
14 51 1
8 49 6
19 16 21
0 62 -10
0 81 25
19 13 3
4 90 3
2 58 7
15 98 -20
18 85 -12
3 36 -5
7 18 -1
16 68 22
0 64 -24
13 45 -19
13 78 -5
17 5 -27
8 12 -1
17 24 -19
9 63 -10
4 7 -16
16 85 19
18 81 21
10 87 14
2 45 0
0 36 28
9 81 7
4 49 -4
11 73 -18
15 61 -11
15 96 -3
16 98 2
13 88 20
11 94 27
5 26 -18
3 37 -27
19 60 -26
14 75 26
7 23 -24
15 93 23
7 50 -10
4 18 -12
36 477 -11
58 314 -23
40 448 -23
54 395 -7
33 304 -15
48 421 -20
54 437 -18
32 426 -17
49 325 -12
57 489 -6
48 453 -28
53 410 -15
57 476 -21
36 323 -10
49 369 -8
34 309 -3
43 321 -13
31 353 -5
32 494 -14
52 424 -7
33 339 0
30 316 -23
33 320 -26
48 402 -2
55 475 -23
59 402 -6
43 406 -9
58 409 -16
38 485 -29
31 456 -5
60 467 0
40 319 -10
34 445 -11
58 455 -7
39 456 -26
52 465 -9
42 332 -1
55 370 -5
33 481 -5
56 440 0
60 395 -28
36 395 -6
45 446 -16
42 453 -27
43 430 -12
54 372 -18
46 431 -4
30 371 -23
41 371 -24
34 313 -28
37 345 -24
59 425 -9
39 364 -1
35 336 -4
50 318 -21
43 335 -7
31 363 -21
43 478 -1
43 343 -9
39 489 -19
58 401 -6
38 401 -26
31 408 -12
40 338 -10
50 436 -3
41 464 -27
54 415 0
54 331 -6
39 445 -7
48 348 -25
46 325 -7
46 444 -28
44 380 -10
51 456 -23
57 401 -10
47 374 -16
34 424 -17
31 316 -2
42 388 -12
37 414 -21
45 422 -18
55 398 -23
32 432 -25
47 321 -30
41 500 -13
53 325 -29
60 496 -7
45 329 -28
42 498 -9
39 355 -5
38 341 -8
48 307 -22
37 356 -30
32 397 -9
40 339 -13
35 327 -15
30 487 -1
56 362 -22
47 410 -2
49 491 -18
47 356 -5
48 305 -14
46 319 -28
47 315 -20
39 347 -11
47 300 -13
54 398 -14
54 362 -24
34 389 -4
45 392 -26
33 302 -7
38 441 -23
48 400 -21
44 404 -18
55 399 -27
36 425 -30
37 382 -16
43 490 -9
48 425 -9
50 395 -26
34 456 -15
40 415 -1
50 338 0
44 309 -24
41 465 -15
49 393 -27
47 348 -24
60 353 -1
59 312 -24
57 307 -2
43 425 -1
49 372 -23
40 458 -23
59 410 -3
56 348 -22
58 321 -22
60 308 -12
58 433 -14
41 350 -3
50 339 -3
57 374 -26
55 377 -6
31 411 -2
47 417 -15
53 479 -26
42 379 -7
45 371 -20
52 338 -1
35 418 -24
33 492 -4
49 374 -17
44 428 -24
45 361 -11
42 342 -28
60 451 -26
57 369 -27
38 315 -1
55 319 -14
38 417 -14
35 324 0
46 300 -2
50 302 -23
35 358 -19
47 307 0
57 444 -18
60 394 -8
31 361 -29
42 492 -5
31 411 -27
51 454 -19
50 306 -19
58 467 -19
38 434 -24
40 438 -27
35 328 -14
57 352 -8
41 397 -11
42 346 -2
59 303 -1
47 359 -18
55 392 -27
50 334 0
52 357 -19
30 375 -22
37 366 -22
47 373 -8
35 332 -3
39 331 -10
32 330 -9
39 484 -15
59 349 -12
53 474 -29
39 493 -16
57 333 -4
59 301 -26
49 445 -11
31 360 -13
32 392 -17
59 327 -7
59 367 -25
49 356 -30
59 426 -12
44 305 -29
49 348 -29
53 464 -9
59 369 -30
31 376 -30
57 439 -13
31 462 -15
60 469 -14
39 457 -11
50 310 -19
59 454 -7
46 463 -30
59 413 -16
37 466 -9
59 345 -20
51 380 -17
37 482 -28
30 358 -16
58 404 -11
52 398 -30
56 363 -17
32 351 -29
60 372 -13
38 468 -20
41 430 -28
47 309 -28
50 350 -4
43 472 -3
43 338 -6
60 432 -5
46 417 -30
60 453 -20
39 320 -19
30 316 0
39 455 -21
54 499 -12
35 404 -28
52 351 -22
37 331 -30
55 464 -30
35 345 -27
30 435 -9
37 412 -2
32 419 -9
37 427 -14
41 373 -5
58 396 -1
34 366 -26
41 338 -10
37 464 -6
32 494 -17
43 425 -10
37 392 -19
36 405 -14
56 382 -8
60 382 0
42 375 -10
33 337 -24
33 362 -12
47 379 -19
54 312 -22
46 359 -17
49 454 -8
30 354 -25
53 318 -19
35 347 -13
37 333 -25
55 432 -28
50 427 -17
30 489 -3
32 332 -22
45 361 -7
40 321 -24
51 455 -27
39 345 -11
33 480 -1
58 380 -2
37 427 -26
45 382 -30
58 428 -13
52 383 -23
42 487 -24
60 467 -27
39 407 -14
35 454 -5
59 474 -12
60 436 -15
33 333 -19
60 343 -15
32 304 -2
54 468 0
34 462 -24
52 366 -26
44 343 -28
37 374 -25
33 362 -24
50 409 -5
45 326 -10
46 384 -13
54 332 -20
30 368 -6
51 321 -28
59 447 -11
43 385 -25
50 452 -28
59 356 -13
30 357 -2
32 405 -20
37 378 -28
53 322 -10
51 399 -10
38 475 -5
32 329 -14
42 494 -27
47 351 -12
44 411 -11
31 477 -12
59 450 -8
56 477 -2
38 491 -19
30 317 -19
35 325 -18
37 486 -15
48 456 -6
33 389 -6
56 458 -23
31 405 -21
51 394 -15
38 438 -23
58 417 -30
42 435 -10
57 466 -3
43 381 -8
39 303 -13
45 313 -3
53 491 -12
44 499 -13
58 383 -10
46 451 -13
34 462 -13
38 326 -13
57 426 -22
42 376 -25
36 345 -23
47 304 -25
50 436 -28
38 341 -19
49 442 -28
51 421 -5
48 363 -29
60 301 -18
49 391 -24
54 364 -21
50 409 -30
39 362 -9
59 493 -19
60 391 -6
37 399 -4
34 337 -16
30 454 -17
36 453 -5
53 359 -10
55 423 -27
45 474 -12
44 391 -15
57 499 -15
31 406 -8
30 411 -16
37 417 -7
45 373 -22
42 365 -13
32 446 -13
40 314 -8
39 467 -26
41 402 -15
40 477 -12
53 459 -26
44 411 -7
33 363 -12
50 314 -3
43 343 -5
56 327 -30
42 491 -14
45 389 -11
49 316 -30
40 477 -6
43 418 -24
46 371 -1
50 458 -21
44 459 -12
46 442 -11
39 349 -17
52 368 -22
55 362 -15
57 377 0
50 406 -13
50 473 -12
54 456 -19
36 380 -26
31 445 0
41 331 -1
52 488 -16
38 411 -23
37 430 -17
48 394 -16
32 304 -12
32 359 -25
47 389 -18
30 473 -7
60 389 -21
50 384 -3
56 328 0
38 307 -14
30 492 -19
53 336 -12
33 450 -20
55 419 -14
50 303 -7
38 406 -10
57 483 -23
58 314 -27
30 438 -21
31 455 -2
59 388 -4
32 328 -26
43 391 -15
32 391 -22
58 457 -29
39 333 -1
33 314 -20
57 484 -4
39 355 -7
44 471 -14
43 381 -22
37 494 -17
38 449 -26
58 311 -9
35 393 -18
59 422 -23
33 490 -22
50 398 -3
38 324 -26
42 470 -12
57 325 -23
60 434 -14
30 375 -23
60 479 -23
33 468 -15
54 301 -30
51 460 -12
47 332 -7
34 457 -5
55 428 -10
45 340 -7
51 437 -2
47 374 0
32 375 -18
43 451 -14
34 481 -5
46 308 -16
42 476 -14
35 472 -26
49 499 -28
37 304 -13
33 338 -6
33 361 -27
58 357 -10
55 360 -28
40 495 -16
45 463 -2
47 481 -17
36 491 -3
37 435 -10
51 320 -5
34 463 -26
37 489 -6
30 300 -17
30 347 -4
39 435 -9
58 334 -8
54 480 -18
44 446 -5
38 394 -10
37 448 -14
31 301 -18
53 357 -11
52 364 -20
46 374 -7
43 391 -25
52 423 -21
42 317 -27
44 393 -4
50 336 -18
35 450 -3
36 473 -24
54 451 -18
33 410 -13
31 500 -5
60 302 -21
39 394 -23
37 386 -23
31 471 -13
46 474 -12
51 328 -17
36 449 -2
34 435 -26
60 402 0
44 321 -14
41 331 -20
38 419 -20
45 446 -12
39 386 -12
58 379 -13
55 378 -29
37 428 -23
52 475 -15
44 333 -16
41 336 -20
59 325 -2
54 443 -7
52 393 -9
57 370 -7
54 465 -22
44 456 -18
46 367 -10
57 415 -10
32 498 -8
38 335 -22
34 356 -14
31 379 -14
57 440 -13
44 396 -20
52 445 -3
48 347 -14
39 368 -12
44 454 -7
40 462 -9
37 430 -8
48 301 -22
37 369 -8
32 479 -19
53 437 -22
49 489 -2
36 394 -26
34 427 -9
37 401 -8
55 453 -27
41 451 -2
31 496 -30
58 349 -22
56 440 -6
45 434 -27
58 436 -30
54 416 -18
46 436 -16
54 480 -10
48 319 -25
59 394 -15
32 465 -24
49 360 -29
49 471 -23
48 398 -18
38 429 -5
54 484 -13
42 335 -18
54 454 0
56 389 -11
51 374 -21
38 479 -23
32 362 0
48 318 -20
36 324 -2
38 413 -9
34 319 -25
38 350 -29
31 337 -27
46 498 -28
53 430 -9
51 397 -7
40 468 -19
46 342 -16
45 489 -7
50 430 -18
36 393 -15
30 323 -25
60 324 -4
51 351 -10
46 337 -7
43 403 -9
47 408 0
47 439 -23
32 394 -21
55 424 -30
55 390 -11
50 436 -7
56 375 -9
37 369 -27
40 357 -27
57 331 -29
34 395 -21
37 476 -17
60 418 -12
46 331 -27
52 459 -25
58 438 -6
53 477 -28
50 426 -17
38 421 -8
32 407 -25
48 323 -14
34 341 -22
39 442 -9
44 498 -28
38 332 -25
35 319 -16
52 479 -26
43 303 -23
39 452 -21
40 347 -2
48 327 -22
49 344 -3
52 445 -18
39 407 -4
39 441 -1
39 424 -30
53 386 -8
38 420 -2
33 376 -1
40 486 -15
35 365 -18
57 404 -3
58 406 -23
59 471 -26
47 401 -21
53 355 -1
59 304 -3
41 330 -22
31 305 -29
39 433 -24
47 483 -12
56 381 -30
51 458 -28
38 307 -13
60 476 -12
33 386 -16
47 470 -24
50 482 -3
57 423 -22
56 301 -4
31 445 -14
39 480 -13
32 474 -28
33 489 -27
48 354 -19
53 378 -11
46 403 -8
34 396 -28
58 422 -19
52 387 -24
32 452 -15
52 323 -5
45 473 -28
60 418 -6
35 448 -25
51 442 -4
53 406 -29
57 412 -5
39 471 -19
32 386 0
34 401 -2
38 491 -9
34 399 -23
37 476 -9
58 441 -25
46 342 -7
59 376 -10
45 396 -6
31 492 -12
46 336 -7
49 324 -24
35 308 -20
55 449 -10
37 440 -21
51 481 -6
41 386 -5
49 372 -26
43 463 -3
53 341 -7
51 300 -29
56 456 -23
44 438 -30
33 343 -7
51 382 -20
35 426 -5
33 477 -17
50 304 -11
60 307 -7
48 376 -25
49 364 -14
45 452 -18
39 305 -20
54 448 -29
38 496 -4
58 341 -11
31 357 -21
33 380 -23
39 486 -18
56 424 -12
35 460 -2
56 361 -30
31 362 -18
31 401 -18
37 368 -9
47 414 -18
42 485 -17
55 332 -20
34 435 -11
54 321 -15
54 320 -15
32 317 -18
45 330 -15
32 393 -12
42 405 -8
48 440 -15
56 497 -13
32 329 -30
42 326 -7
57 424 -17
59 343 -4
30 350 -28
40 420 -2
32 337 -2
33 460 -18
35 388 -22
54 435 -12
53 384 -4
36 397 -11
47 324 -28
59 437 -26
42 444 -9
31 478 -18
41 373 -19
46 368 -6
30 334 -3
49 329 -25
42 375 -10
46 465 -7
33 357 -8
36 441 -18
38 378 -29
48 442 -20
39 314 0
32 490 -6
52 485 -6
50 475 -19
48 395 -2
40 488 -12
59 372 -26
31 355 -13
42 416 -1
39 387 -5
49 411 -2
43 489 -30
34 380 -19
43 449 -10
51 323 -27
39 324 -11
41 496 -30
34 497 -9
31 350 -27
40 393 -6
32 416 -10
58 464 -5
30 329 -26
56 407 -23
60 349 -15
55 312 -6
52 458 -1
60 440 0
52 413 -16
40 496 -24
58 366 -2
53 482 -22
33 322 -22
57 381 -1
30 351 -19
51 329 -25
34 363 -10
42 370 -2
56 438 -19
59 321 -11
48 366 -24
43 347 -10
46 399 -29
59 474 -7
41 308 -28
36 434 -9
59 317 -10
52 323 -9
40 316 -12
60 491 -22
36 383 -30
55 484 -5
30 344 -15
42 487 -27
54 422 -20
45 373 -30
32 308 -2
40 379 -1
55 384 -3
39 413 -2
53 353 -2
37 419 -13
46 308 -24
49 438 -5
40 494 -11
52 408 -10
43 449 -7
36 497 -14
53 301 -8
45 489 -5
40 481 -5
35 477 -26
52 390 -28
37 416 -14
47 429 -4
55 330 -17
36 376 -10
54 444 -6
58 333 -16
49 482 -14
47 409 -30
60 340 -12
39 446 -21
60 445 -27
57 426 -20
33 308 -20
42 422 -12
42 456 -28
44 425 -28
38 351 -10
53 430 -12
50 402 -26
55 463 -15
45 311 -7
40 431 -30
45 491 -20
53 459 -18
39 334 -2
51 481 -10
56 333 -8
33 348 -6
53 334 -16
48 395 -3
30 434 -23
58 320 -23
43 486 -26
38 391 -18
32 431 -24
50 413 -28
41 454 -27
44 473 -2
42 388 -21
52 343 -12
38 469 -3
50 406 -2
41 447 -20
51 326 -17
47 352 -30
58 302 -25
33 397 -3
53 441 -1
32 487 -6
30 389 -18
49 495 -16
59 427 -12
52 381 -26
46 449 -16
41 433 -24
37 464 -25
40 365 -21
54 451 -3
49 346 -5
42 415 -10
33 309 -4
35 360 -30
54 467 -6
48 352 -27
55 402 -1
41 432 -1
48 455 -11
44 404 -20
52 314 -27
51 402 -25
39 455 -2
33 352 -17
31 312 -21
48 418 -5
38 328 -18
44 303 -23
36 409 -21
51 303 -30
31 490 -14
54 462 -25
48 499 -15
50 427 -16
46 423 -16
39 399 0
59 374 -6
38 347 -28
41 455 -18
60 347 -1
40 461 -14
41 445 -7
45 444 -8
48 485 -13
37 433 -5
34 433 -22
35 403 -21
56 475 -30
33 485 -28
57 368 -18
52 482 -30
31 389 -6
60 471 -30
37 308 -24
57 438 -9
60 428 -3
53 332 -17
32 388 -4
51 451 -3
31 389 -25
35 420 -21
57 322 -28
32 326 -5
31 361 -9
31 433 0
30 487 -9
59 347 -26
49 373 -12
40 456 -5
60 399 -30
43 355 -23
41 304 -27
30 496 -23
49 466 -15
54 397 -30
48 350 -30
57 440 -14
38 433 -29
51 487 -1
44 403 -23
37 301 -15
46 325 -25
48 471 -15
37 418 -4
32 471 -23
38 314 -22
55 377 -30
50 444 -19
41 341 -28
48 313 -8
52 480 -29
53 486 -23
54 418 -15
60 398 -6
44 381 -6
40 394 -5
54 461 -18
37 447 -21
39 401 -25
38 345 -7
41 428 -16
34 483 -26
57 389 -21
53 371 -30
58 302 -13
56 427 -24
45 476 -3
38 377 -8
30 494 -13
46 320 -2
43 449 -24
40 358 -21
57 482 -14
56 372 -18
41 465 -28
34 492 -14
53 470 -25
53 349 -2
60 356 -14
30 334 -30
35 461 -14
48 459 -9
52 418 -26
39 322 -7
52 425 -9
56 402 -2
47 386 -4
46 489 -12
32 386 -23
59 455 -23
30 341 -4
37 488 -1
59 395 -11
45 483 -1
33 418 -27
37 463 -29
31 378 -18
41 360 -25
59 341 -20
35 438 -20
41 432 -16
42 475 -9
37 500 -30
50 490 -19
36 349 -4
39 426 -11
48 413 -27
32 317 -26
51 387 -15
57 405 -23
53 363 -22
43 300 -8
60 462 -1
54 469 -13
45 457 -16
51 412 -2
59 500 -3
60 446 0
32 471 -23
47 477 -2
49 436 0
47 436 -7
42 497 -24
36 374 -18
30 376 -28
51 422 -28
37 416 -2
53 452 -8
38 363 -10
58 355 -10
48 366 -2
37 458 -22
42 372 0
60 353 -7
36 446 -20
46 424 -17
60 444 -9
56 315 -12
33 453 -6
42 436 -13
47 393 -2
44 403 -4
46 437 -3
52 364 -3
34 388 -26
43 472 -26
46 491 -10
40 337 -23
49 485 -15
56 495 -11
58 337 -19
36 357 -14
57 478 -4
32 449 -10
37 458 -27
54 322 -12
55 310 -16
40 497 -20
33 374 -4
30 489 -22
40 488 -15
54 489 -27
60 300 -3
47 390 -24
58 349 -14
47 421 -24
40 339 -20
48 452 -3
60 356 -1
43 408 -13
41 481 -22
59 433 -21
55 387 -14
46 416 -16
41 373 -4
60 395 -15
55 389 -25
55 497 -10
46 320 0
49 336 -19
59 301 -28
38 464 -30
33 386 -6
56 302 -10
39 430 -22
30 368 -21
46 403 -12
53 455 -17
33 466 -3
57 375 -7
35 365 -17
50 377 -14
48 480 -14
34 383 -19
52 454 0
37 333 -4
52 371 -29
49 36 26
58 37 24
31 35 8
50 24 15
32 30 0
37 8 24
37 12 7
58 15 9
42 21 22
32 12 30
58 43 19
45 60 18
45 24 14
50 13 28
36 35 19
59 11 22
46 40 11
43 46 20
33 59 22
45 39 8
59 55 25
57 39 3
52 31 1
53 40 7
34 25 27
34 42 12
31 3 10
52 57 24
38 39 16
39 26 23
52 48 24
40 27 24
34 37 27
49 40 27
40 48 13
40 52 11
40 1 17
32 23 7
57 50 25
30 28 25
30 46 2
60 40 30
33 41 18
45 8 10
55 39 9
53 29 7
40 40 19
34 41 20
56 19 16
58 11 13
49 60 12
35 37 1
46 60 17
55 13 18
31 50 22
51 57 1
48 47 8
59 41 10
34 48 1
47 10 18
57 32 4
36 55 25
44 43 22
39 29 0
54 57 8
32 44 1
55 5 24
37 42 2
53 34 23
31 29 0
47 29 11
52 48 7
43 12 29
48 33 6
58 40 24
40 59 8
31 28 19
39 20 27
48 30 18
58 41 0
46 6 18
56 37 18
56 53 21
55 48 8
41 47 9
30 40 11
50 43 26
37 26 8
52 45 7
51 25 0
39 30 13
32 22 5
50 36 14
37 30 17
46 53 13
53 35 8
46 39 16
34 8 22
55 28 18
35 50 12
43 23 17
51 40 18
33 2 6
53 48 2
36 52 21
56 23 14
54 54 6
32 14 28
57 23 14
54 39 1
57 34 26
54 25 13
34 8 26
43 16 1
46 57 16
52 26 24
51 41 0
46 57 23
41 41 18
43 35 14
40 29 23
41 34 27
38 4 4
54 60 22
48 4 28
33 36 7
50 7 15
32 29 14
50 56 7
57 52 23
57 56 25
58 27 28
48 30 30
54 44 11
35 5 13
42 35 9
45 16 27
53 52 18
35 27 14
60 9 14
42 11 7
56 25 4
38 4 24
56 12 13
40 26 28
46 3 19
55 4 6
56 21 15
59 27 21
60 22 5
52 34 11
41 45 11
41 26 24
49 17 26
40 8 23
55 40 8
43 2 9
36 12 19
56 28 3
49 34 15
37 56 0
45 30 25
32 34 22
52 10 16
37 48 27
43 60 27
41 32 5
58 30 19
47 42 6
39 8 17
50 45 17
30 31 23
47 6 18
38 54 15
51 40 10
37 60 24
43 25 20
32 4 26
35 4 28
49 16 26
34 10 5
37 56 26
38 52 8
30 13 6
41 54 16
36 16 16
48 9 20
31 37 21
57 23 22
40 3 8
59 0 8
59 49 18
50 37 17
35 42 29
50 36 6
52 34 0
34 27 8
53 42 6
59 3 8
33 0 9
37 16 8
47 26 8
48 9 6
51 13 11
37 20 25
53 58 28
56 33 17
44 18 10
30 12 15
32 38 13
30 46 26
36 0 27
58 54 20
34 3 16
36 44 4
60 48 13
55 56 16
41 3 13
43 10 12
55 56 13
35 35 29
56 27 27
55 22 12
48 56 17
55 6 22
32 8 3
57 19 22
46 24 29
59 22 5
49 8 1
56 38 12
34 55 14
44 4 5
59 32 30
43 17 21
54 3 25
30 29 4
50 55 1
50 23 22
51 21 30
30 35 27
55 43 1
31 19 15
53 40 20
40 10 26
51 49 22
44 57 6
58 57 9
46 48 24
43 14 4
57 9 18
36 40 17
59 47 7
39 18 2
33 39 0
34 54 27
31 45 5
56 9 24
45 32 19
52 47 11
40 24 2
33 27 27
36 43 8
40 17 16
60 3 10
34 23 13
47 8 0
57 14 11
42 22 27
31 3 6
32 28 1
51 14 16
45 2 22
50 41 19
49 43 5
35 53 29
59 24 15
46 47 9
43 18 24
57 11 9
40 56 28
58 30 20
35 31 28
32 21 14
46 28 9
59 34 5
36 4 24
57 55 1
33 37 5
49 20 5
42 4 15
47 34 5
36 9 19
37 4 10
31 52 18
33 27 19
44 7 24
57 1 20
41 0 15
46 46 23
41 55 22
51 46 27
55 13 23
47 23 13
40 42 30
51 20 24
49 51 4
39 22 30
43 27 20
31 9 2
37 27 27
53 52 28
52 17 6
53 28 21
55 51 3
53 48 21
35 29 13
39 43 8
30 35 1
56 54 12
44 53 22
40 26 23
57 58 18
57 34 19
52 50 14
55 25 25
52 16 24
42 34 2
57 60 20
56 47 3
36 28 13
51 37 14
51 18 14
42 48 29
52 54 18
59 3 11
50 37 24
36 26 27
58 33 9
52 39 2
48 32 2
37 28 20
40 26 5
32 0 7
49 30 20
58 18 13
32 40 25
56 58 6
38 25 21
57 5 20
50 60 24
60 31 27
55 7 17
57 20 11
39 20 1
39 6 24
49 41 21
53 54 5
56 23 8
32 56 4
39 40 28
49 9 30
58 33 17
49 19 23
48 19 19
37 6 30
44 20 20
45 0 3
42 17 18
36 25 13
32 28 4
34 55 17
49 10 14
37 20 7
49 10 28
36 17 2
36 37 11
58 24 0
37 20 19
47 27 28
49 16 10
43 39 14
60 29 17
38 57 8
34 57 27
51 45 9
56 8 3
44 44 25
36 1 26
47 48 19
51 43 7
49 25 11
45 58 19
43 0 26
58 32 21
54 5 16
49 34 12
45 28 2
42 47 11
37 15 30
50 6 27
53 27 1
35 58 21
43 23 16
33 46 15
44 31 16
47 53 2
57 28 15
47 33 2
55 11 22
38 52 30
48 54 11
51 43 28
56 16 12
37 27 19
44 40 9
48 47 10
48 29 16
55 20 23
55 47 16
31 16 24
51 60 20
33 42 6
46 25 26
51 19 14
55 49 8
32 35 28
40 3 9
53 33 21
37 54 8
46 17 30
46 43 25
37 51 27
31 30 6
56 45 23
42 21 14
55 6 21
31 13 17
31 11 2
57 13 2
43 10 13
52 9 28
41 7 8
41 59 0
46 58 9
57 17 8
40 44 21
45 57 6
45 22 8
48 22 5
47 55 27
39 31 28
30 47 7
31 22 9
44 9 21
52 56 10
50 56 23
51 6 30
33 2 9
52 4 24
47 52 2
38 52 16
47 37 9
31 43 5
45 25 6
58 30 26
50 14 25
37 46 24
46 32 16
34 21 22
30 49 6
56 4 4
42 28 26
47 49 12
36 3 21
52 51 2
30 5 9
42 37 10
40 60 6
49 4 2
42 45 20
42 40 9
41 20 13
48 44 3
41 53 29
47 38 23
42 18 25
40 47 29
48 2 27
33 4 26
43 7 8
52 19 21
49 23 24
57 59 1
32 37 27
40 32 21
46 12 5
48 28 26
39 4 10
52 32 18
37 22 2
55 28 20
35 20 22
52 37 30
31 8 0
34 22 25
59 0 3
41 11 6
43 52 10
32 5 21
55 8 1
57 45 5
46 5 28
30 17 2
48 10 3
52 20 9
56 30 23
38 24 21
58 12 13
33 25 9
39 44 18
45 18 21
39 30 15
57 0 5
44 18 8
49 23 27
56 22 24
38 13 15
30 15 17
48 12 29
53 35 9
54 6 24
34 0 8
36 29 6
36 9 5
56 33 3
39 24 26
56 2 5
57 15 14
43 34 15
44 36 22
48 37 5
38 1 0
30 52 18
48 46 24
57 5 14
52 47 30
48 10 20
39 59 25
37 20 26
46 39 18
46 33 22
34 24 30
44 53 27
58 11 15
52 42 4
35 6 19
60 39 5
46 29 9
49 37 2
32 59 17
38 31 30
36 22 20
57 7 7
37 32 16
60 52 8
33 55 4
36 4 10
59 49 16
54 7 25
58 59 25
43 26 25
51 29 15
58 11 28
54 21 30
32 31 6
50 57 5
37 12 6
45 43 17
46 10 10
53 7 5
30 34 28
33 27 21
54 31 4
34 44 4
51 18 5
34 44 30
60 7 4
39 36 19
59 17 26
38 6 7
58 6 13
33 51 1
44 37 22
46 33 20
37 56 23
33 12 3
38 58 16
30 7 4
52 3 29
35 53 23
40 38 12
59 31 14
53 1 17
55 17 2
57 34 15
48 59 13
50 30 20
43 13 18
30 50 23
49 57 19
54 17 5
59 0 4
60 29 29
60 157 -27
75 422 24
83 311 16
84 150 -11
63 123 -12
88 290 22
65 117 -18
86 210 -5
66 436 10
82 334 29
81 122 30
89 216 -13
79 111 -16
78 172 -10
63 352 -12
67 290 29
64 246 10
67 295 -29
63 429 -21
70 351 16
81 461 -25
85 381 29
82 329 25
89 265 16
64 332 -17
87 247 15
60 366 -24
65 219 -25
77 189 24
62 481 13
68 163 17
65 285 24
80 451 -11
82 480 -24
84 392 -8
69 156 21
76 293 23
75 268 -14
78 461 19
68 477 -21
67 115 -12
90 224 29
77 112 -8
72 494 -5
90 296 20
84 179 -9
63 461 23
62 183 -2
66 209 10
64 368 21
82 275 5
65 208 27
63 239 12
79 197 -24
78 171 -20
60 371 -9
75 283 -25
81 323 26
78 188 5
83 280 -16
86 325 14
72 225 -29
71 356 9
90 105 15
70 162 -24
66 220 -8
88 218 25
74 285 25
85 495 -21
60 489 12
77 303 6
75 425 27
67 116 21
80 146 -12
90 476 17
78 247 30
88 388 -5
89 119 25
68 332 -30
65 418 -19
83 413 28
90 414 23
61 283 5
74 197 -23
64 283 8
64 126 -15
76 245 -9
81 244 -3
76 378 30
67 469 -5
65 409 18
89 130 7
75 152 11
78 253 28
75 354 -5
86 404 -5
74 143 0
65 463 -16
82 479 8
78 230 -22
84 463 -6
74 250 8
67 118 28
82 235 16
62 236 11
82 247 13
80 205 -5
68 442 -14
82 121 -25
61 395 11
62 423 7
75 153 -8
61 351 11
87 449 -25
79 114 -7
62 374 -9
76 325 21
72 220 25
64 202 -3
70 478 26
89 126 -17
63 311 -16
66 242 -6
89 321 -29
86 354 7
75 400 -26
74 329 26
76 170 9
67 361 -12
71 172 19
70 318 8
81 489 -14
61 351 -2
64 283 17
73 397 -24
60 334 -3
62 148 30
66 126 -4
76 333 -1
88 423 -7
73 405 0
67 465 -29
73 131 12
84 284 14
80 230 -30
84 253 11
73 424 -24
81 432 25
64 402 2
61 372 -8
60 210 -29
66 490 -23
78 399 -17
80 243 -13
76 167 -23
79 182 -20
69 243 2
63 109 -5
77 496 18
90 231 21
73 191 -8
70 205 4
64 146 22
87 211 30
61 362 10
71 289 26
87 202 15
78 366 17
73 263 -19
63 223 0
78 149 -20
90 460 16
88 191 26
75 334 10
89 394 -1
85 160 -9
83 385 -24
72 189 18
62 495 -15
64 116 -8
85 373 24
65 455 -24
61 381 19
68 435 15
89 131 25
60 411 -17
80 386 0
62 125 0
86 486 23
61 409 -29
85 355 29
78 328 -26
89 117 0
77 476 0
76 292 20
85 202 6
74 422 -5
76 396 -10
75 256 5
61 182 -5
75 309 -11
79 266 -29
68 146 -25
87 445 5
79 144 -24
80 463 -2
71 456 27
68 147 -26
71 437 -7
63 175 -16
66 363 3
89 371 23
82 175 -2
76 197 26
77 395 0
78 379 -5
71 470 11
80 238 29
81 408 -15
67 438 -7
73 177 -19
77 337 -29
83 418 27
60 225 -8
83 240 1
79 364 -15
61 234 15
81 420 -1
72 476 -13
84 240 18
85 223 -16
83 121 22
77 345 -21
90 138 -14
77 218 14
79 494 24
85 203 9
69 336 28
76 148 -23
76 486 24
66 212 29
76 491 -28
87 272 29
62 443 11
78 335 -5
82 387 -22
60 100 -13
81 471 -10
75 430 30
66 286 -13
68 356 -17
62 392 22
66 303 0
90 115 -1
74 374 -21
67 118 -4
83 401 -16
74 384 -5
68 282 -29
80 359 21
78 133 -24
60 248 17
90 274 -26
60 483 6
75 206 28
87 409 -19
67 488 13
63 182 21
82 323 8
70 431 24
67 170 2
69 257 25
74 458 -11
88 318 -2
64 191 10
65 450 -23
89 308 -4
86 345 15
69 301 16
76 163 24
70 168 -23
88 258 30
60 333 -21
89 482 26
70 222 -16
80 194 7
78 190 -20
80 114 24
88 237 -21
87 169 -4
77 371 21
87 181 29
62 268 -24
74 244 -19
84 444 28
79 476 16
74 299 22
68 429 16
80 237 -6
69 166 24
75 126 3
84 185 0
88 218 -24
87 496 0
74 106 -17
60 434 -17
61 476 -19
87 275 22
74 469 -5
77 243 -24
65 438 -28
62 403 28
66 170 -28
78 417 25
82 138 -10
78 490 -11
78 423 6
76 143 -2
66 415 -15
87 403 -16
61 278 3
78 239 -9
65 120 -9
80 185 3
60 349 8
78 437 -12
60 180 -9
73 111 18
77 262 -29
86 463 -18
64 187 13
84 393 -13
72 489 0
76 467 5
89 145 28
72 138 19
62 292 -22
67 340 -25
89 469 -2
67 235 -23
70 248 -25
88 480 -21
68 347 7
90 333 -27
60 469 4
62 275 -10
90 288 2
64 257 -12
78 107 -3
78 129 -26
78 385 28
71 485 18
88 364 7
63 330 -8
71 285 19
77 245 2
81 364 0
76 271 -10
71 407 14
75 314 -18
88 411 0
75 176 18
81 209 -20
64 388 -21
85 127 22
62 432 22
64 311 29
84 404 -26
76 299 11
81 118 3
70 216 -25
62 434 -27
61 451 -23
78 457 -4
60 319 20
86 190 10
74 472 -12
72 219 -4
83 246 11
80 345 -30
69 235 -24
71 421 -29
82 184 14
67 116 -3
64 223 28
89 350 -3
74 289 29
86 124 21
87 325 1
68 123 14
82 481 22
66 125 -15
65 115 -10
76 265 6
61 290 -14
74 374 -12
67 290 6
60 488 11
86 115 17
85 213 -16
84 435 15
61 343 -29
85 295 22
68 302 8
68 204 -4
67 363 18
61 461 -6
86 480 -22
60 184 0
62 472 -21
90 278 8
70 339 -24
72 270 23
88 443 7
66 357 -16
62 206 -29
79 187 30
62 155 -28
65 363 20
77 492 -23
87 173 -14
66 350 15
76 241 -14
78 280 5
63 388 3
90 137 22
82 451 12
83 188 -19
82 114 -28
89 154 -4
86 369 11
86 403 -2
85 282 -21
78 167 -10
61 415 -2
79 400 -30
74 118 -1
66 454 -27
60 397 -20
85 500 22
70 405 -15
70 211 28
87 348 -29
62 379 -30
60 165 -13
89 353 15
88 500 -14
85 471 -23
83 347 -30
90 451 -5
69 447 -26
61 465 -4
85 202 12
82 256 5
81 194 -30
74 209 25
81 458 16
69 114 -23
72 132 24
72 483 29
74 371 20
77 212 5
84 219 -17
79 491 -30
89 172 -12
84 154 0
82 311 -26
69 298 -21
81 494 -30
65 173 25
89 395 -7
71 261 -11
69 416 -20
83 370 9
60 336 17
78 443 8
70 111 0
65 484 10
85 494 11
82 367 -18
75 103 24
84 322 23
71 329 25
66 343 6
61 232 -16
60 357 29
88 397 -14
64 405 -10
69 237 -12
80 180 18
70 144 -13
86 194 20
81 126 -28
80 495 -27
64 377 -12
68 138 -18
64 377 28
73 153 21
66 448 16
67 404 23
66 486 21
89 150 0
89 174 10
70 368 17
75 250 -20
84 263 6
82 156 -29
73 367 -19
68 156 10
87 413 17
67 480 -26
66 418 5
85 472 -16
79 466 -4
80 391 -14
61 233 -5
84 264 -22
77 211 -23
74 283 22
80 192 20
90 235 3
86 120 19
69 427 -6
73 200 26
63 302 -7
67 171 25
71 153 -28
81 348 -28
76 125 23
77 476 -10
69 302 -14
64 337 7
88 105 -11
89 413 18
83 201 -28
81 424 -13
90 276 0
65 224 -11
75 224 0
62 341 -12
77 238 23
68 387 -12
68 253 30
86 336 17
72 131 18
74 361 -6
63 194 21
77 448 8
63 378 -14
77 315 -13
60 154 13
73 412 22
77 407 25
87 491 22
72 262 18
90 252 29
74 478 13
83 213 3
67 493 -27
85 174 -30
87 265 5
78 289 -26
88 161 23
80 247 21
90 417 19
83 482 4
86 334 -14
75 194 15
69 261 -30
86 139 27
82 241 -26
69 248 17
64 329 -30
68 258 -29
84 173 -29
80 283 -28
72 200 -6
61 278 16
85 236 -17
68 255 14
85 464 -12
62 476 16
67 437 -24
69 449 30
83 214 -28
65 252 -18
88 174 29
83 486 7
62 196 -2
79 258 11
67 130 -8
63 446 -22
81 246 18
63 266 -10
63 445 15
80 355 28
66 296 -4
70 190 16
62 440 -9
71 488 13
83 474 -5
86 295 9
68 346 24
67 309 -2
78 292 26
76 223 4
82 276 25
62 402 -26
90 320 -19
79 297 10
61 223 20
89 355 23
85 228 26
69 465 -1
64 345 -14
67 385 -19
64 461 28
69 402 -3
84 335 -8
85 447 -14
71 239 -22
72 444 10
88 395 -18
68 368 -20
90 400 -3
67 452 30
78 425 -4
68 395 10
85 257 27
78 359 29
73 299 17
64 408 8
61 277 -2
73 160 -22
72 400 2
81 378 2
73 306 28
82 430 -6
85 105 17
73 300 2
85 245 -4
66 158 22
77 317 20
62 339 23
60 451 -1
73 410 -9
86 252 -11
72 264 11
82 354 -16
90 328 -26
82 374 -10
73 311 -2
62 403 -7
87 357 8
88 351 -5
69 174 29
61 117 13
78 282 30
67 386 -8
87 286 20
82 499 11
68 385 17
70 239 -4
85 498 12
74 255 10
88 271 12
89 491 30
87 203 7
90 285 -14
72 335 -20
68 138 11
61 412 -9
86 281 23
67 485 -23
82 262 27
77 221 -13
65 200 17
84 135 21
84 344 19
63 189 -20
77 305 15
74 221 -1
67 118 28
66 346 -8
67 424 14
65 313 -1
80 255 -6
81 243 -7
75 476 0
67 173 5
78 169 -23
83 268 -19
74 252 -12
77 102 9
84 436 19
62 102 17
82 109 7
81 163 6
72 364 -7
82 268 -6
61 290 6
66 436 -16
90 466 21
61 407 9
64 177 -5
82 238 -11
79 496 -10
69 101 19
70 370 7
73 203 7
65 471 13
65 208 -16
82 308 3
64 253 -19
68 481 19
79 499 -25
86 183 3
84 443 -29
64 242 -11
74 190 -21
60 186 30
84 457 -28
66 342 -7
82 213 -28
90 169 -22
74 212 8
78 393 11
74 358 -6
78 174 20
70 448 -14
60 186 23
70 409 6
69 219 -14
68 305 -26
68 114 0
73 421 -18
67 332 -29
76 121 -24
72 410 8
84 396 12
89 313 6
65 102 14
74 287 -24
84 177 14
87 265 7
86 353 -21
70 410 -21
67 170 17
68 325 -14
90 304 -12
69 416 -9
77 346 12
69 400 25
67 132 11
77 301 7
75 417 7
88 208 21
74 274 -15
83 127 -3
62 347 17
66 199 -27
84 434 -21
66 441 -12
73 301 20
74 157 -25
80 333 -2
89 421 13
84 468 1
74 239 -21
67 311 24
63 428 -21
66 460 -7
75 126 0
73 198 -25
63 198 -3
74 189 -21
66 383 -16
77 468 -29
66 170 -4
76 119 21
86 329 -21
65 276 2
61 196 -13
65 327 21
61 271 -2
81 342 18
78 308 14
88 376 3
72 374 -18
90 126 -6
70 157 -12
75 105 -23
84 208 23
81 174 13
76 170 18
62 143 -25
67 387 19
84 437 16
72 356 12
65 157 24
77 110 7
77 237 7
67 247 -22
68 293 25
82 332 14
75 479 -28
89 459 2
80 313 16
73 492 16
82 443 -24
80 135 15
76 272 21
66 429 -1
64 105 8
63 370 12
61 121 8
88 139 -1
60 474 -5
68 424 -7
63 236 -12
75 208 -8
87 428 5
78 494 -27
66 297 27
61 133 -3
66 227 18
86 147 -28
77 444 -27
70 416 28
80 481 -22
63 181 -14
60 492 -13
89 481 19
74 418 -27
84 368 9
86 110 -11
73 208 0
86 292 19
66 137 -4
60 328 21
70 485 15
88 255 -22
78 187 6
85 311 20
72 108 -20
63 293 3
80 470 21
65 354 -22
66 370 4
80 196 13
88 334 3
85 391 4
76 393 -10
79 105 27
87 440 10
68 114 25
89 448 4
62 207 -18
72 175 18
76 489 24
71 229 -1
67 413 -26
77 347 20
67 263 -24
67 251 -25
66 316 -25
81 157 9
66 398 24
82 135 13
72 207 -26
90 352 3
70 385 4
64 128 16
70 396 -14
81 428 18
86 291 -26
84 211 29
78 360 -25
74 454 -22
73 372 4
75 489 17
67 424 -16
67 192 11
86 257 30
85 493 23
83 500 -21
63 274 -14
61 315 25
81 367 14
90 440 -20
90 151 1
61 428 11
65 190 -7
83 321 -6
74 407 9
76 366 17
65 160 23
88 165 30
87 255 -19
86 171 -24
79 373 -20
65 258 1
72 181 18
74 400 -25
73 330 -25
71 227 10
63 231 6
65 220 8
87 266 8
76 332 12
70 193 3
87 430 -5
88 350 22
80 219 30
67 273 22
82 448 9
70 374 -3
75 137 -22
66 238 -5
89 231 -24
75 209 -13
71 134 7
88 118 0
84 314 -11
80 410 22
76 298 -7
65 380 28
79 449 24
89 263 21
87 173 -4
76 142 25
64 381 14
78 173 -24
70 402 -10
68 341 7
63 161 -25
85 163 24
79 144 15
81 326 25
86 104 -8
79 376 -25
71 271 6
76 459 -4
60 121 5
65 131 -12
88 256 20
81 326 -20
68 414 3
66 265 -15
79 300 10
67 141 -22
79 433 4
80 200 -7
62 307 24
70 500 -29
74 308 3
67 288 -10
63 153 14
64 183 -30
83 497 -1
88 234 12
71 361 17
81 419 21
75 204 -22
89 129 -22
67 461 16
73 164 29
80 304 -18
69 380 2
86 162 29
69 135 -9
80 287 1
86 316 -24
60 309 -20
86 372 13
62 134 11
62 408 27
76 119 -11
78 102 1
67 486 9
65 143 10
65 222 6
66 260 -4
89 443 -19
75 326 29
75 394 3
69 300 -3
88 185 -22
70 394 -7
74 500 -19
68 310 11
84 430 -2
73 459 19
88 500 -19
63 338 22
84 498 11
66 443 22
74 343 -12
79 209 22
88 418 -22
60 230 17
60 326 30
88 276 15
70 250 10
89 298 26
71 293 -4
61 449 -22
85 379 13
64 222 -21
72 279 5
79 262 19
84 416 27
76 473 25
64 162 7
67 246 -12
77 145 7
80 246 -4
85 257 -23
85 418 -21
83 397 -29
67 145 -6
78 349 19
88 473 -26
82 205 -21
90 264 10
79 431 -19
74 344 -9
89 434 -6
77 494 -22
88 485 20
83 196 -3
85 375 -2
62 490 17
73 473 28
84 209 17
75 184 26
88 174 -28
75 316 20
80 112 -19
63 170 21
77 475 -2
68 494 -15
66 411 -6
87 173 17
76 226 26
82 345 19
74 236 9
83 385 10
71 144 13
68 307 -22
77 334 -20
81 211 -9
85 274 -12
67 387 30
67 459 -15
77 358 -30
76 261 -9
86 341 -29
61 442 18
77 494 -12
64 489 12
70 241 -16
84 137 -18
86 298 30
75 425 14
77 292 -17
63 115 22
90 449 -16
67 444 -21
77 345 -21
82 218 6
88 277 23
88 343 -27
74 168 4
81 142 -17
60 345 19
89 348 -4
63 463 -17
67 116 -25
82 309 9
65 169 0
67 284 28
70 124 -25
73 342 8
69 427 -4
68 197 9
69 338 24
64 456 -23
77 311 -23
79 103 22
81 301 30
70 404 -21
69 111 -8
87 445 30
79 493 16
64 289 -5
64 291 -2
85 150 -2
64 289 -25
86 475 -29
69 321 16
68 124 -29
89 397 -24
78 314 15
63 467 -25
67 158 -21
81 287 16
84 231 -26
68 206 14
88 444 -17
68 319 -19
84 468 18
73 303 15
67 427 0
64 333 -24
65 264 -21
68 377 -24
88 404 -5
76 338 -20
72 326 0
75 490 29
62 183 -22
78 201 -28
71 211 -19
75 453 -17
79 284 18
86 165 -19
82 273 -19
72 225 -13
69 258 0
64 244 -26
66 277 7
90 120 -25
90 131 11
82 138 4
88 331 -2
77 256 24
79 492 29
85 386 -8
87 380 -22
75 106 -28
67 452 -1
65 213 -7
66 119 -22
79 369 0
60 178 -14
72 307 1
60 320 16
81 377 25
87 312 5
84 478 -27
88 293 -9
86 473 -18
69 126 -3
61 405 -29
79 296 25
71 368 25
75 403 -15
82 387 -12
75 138 27
86 414 1
63 480 20
73 124 30
64 330 -5
63 441 -3
61 401 10
78 172 19
79 418 -6
86 453 23
80 302 4
69 494 -2
67 406 -7
78 332 1
68 257 -26
67 319 -30
74 422 15
68 307 18
67 496 -20
88 300 -5
82 387 20
79 116 28
76 268 -16
75 428 -20
84 325 -30
80 299 -2
71 101 -6
80 329 29
60 487 -3
71 306 16
63 426 12
69 462 -6
81 201 11
74 237 -13
77 120 13
74 427 -18
82 333 -28
88 109 3
78 423 16
86 172 24
70 146 -14
71 360 27
76 328 -20
79 205 -4
80 421 10
88 167 17
82 150 16
60 442 11
90 172 0
84 398 27
69 461 19
71 315 -13
87 309 -20
82 115 7
85 158 -6
71 368 29
89 190 -4
78 430 -21
68 262 -11
70 141 -27
89 118 -23
70 225 7
62 124 17
89 186 30
87 241 -11
86 180 -24
90 419 -16
90 448 11
66 385 -8
75 179 16
89 183 21
73 401 29
86 138 -13
72 102 1
76 260 6
75 207 -11
70 279 25
60 235 -26
61 288 -29
70 457 -12
78 355 8
72 173 -4
89 195 28
71 392 27
85 243 20
90 159 1
84 416 23
63 425 29
60 106 -15
61 369 22
90 153 18
68 474 -13
65 391 -10
80 296 9
64 148 5
85 199 14
72 404 16
62 126 -16
67 291 -16
85 419 -7
84 197 -1
83 262 22
65 139 26
60 209 -17
66 173 -19
60 490 -25
70 368 12
89 205 -20
86 273 -27
88 354 -4
67 494 -13
66 490 -12
73 155 -8
82 134 8
88 185 -21
72 258 -14
63 161 12
73 122 -29
81 418 3
68 251 14
85 212 25
80 489 26
60 435 4
90 362 -25
90 147 -1
77 218 10
80 459 14
64 428 -20
63 186 11
87 364 -20
63 303 19
80 422 17
82 208 28
87 250 13
69 242 9
83 104 19
89 153 -15
86 166 7
67 235 21
87 446 8
77 151 -16
85 375 -7
70 134 20
65 264 -2
62 337 20
89 500 -22
70 296 -6
64 301 -29
65 433 2
84 204 9
78 188 8
66 317 17
61 148 27
83 324 15
64 168 -15
78 436 15
87 117 -13
83 446 2
73 270 22
83 208 2
85 392 1
