31 171 -17
68 218 -16
16 105 -15
60 93 -12
80 117 27
31 118 3
64 80 -8
35 221 29
15 27 -26
81 21 29
52 285 22
69 250 -24
17 142 26
30 191 13
5 88 19
90 345 -27
47 185 -28
81 58 -25
43 50 -21
64 266 -14
19 173 -10
40 146 7
80 24 24
16 13 14
8 262 -10
33 392 23
79 234 4
34 251 25
35 280 -23
79 258 -30
6 86 22
10 324 8
29 50 -25
37 121 -3
2 151 18
88 68 -28
14 195 2
60 101 23
9 346 -7
57 286 25
6 337 7
71 145 22
25 355 15
47 338 18
86 309 -30
80 213 -2
8 400 -28
46 395 -26
1 157 -10
65 236 -1
76 142 -6
1 45 18
85 261 -16
79 86 -15
74 273 -23
66 96 -24
58 19 -24
54 269 15
71 309 -24
45 30 -15
40 35 -3
39 219 1
46 271 14
6 203 -20
77 198 24
37 251 -5
77 216 12
2 345 11
17 302 -9
80 222 19
42 257 5
60 348 -13
24 308 26
24 355 0
86 128 -14
57 317 -4
13 219 -11
34 57 22
55 308 -6
40 234 -27
63 176 25
16 381 13
35 140 13
41 264 -28
38 60 11
32 34 19
11 5 -16
54 281 27
89 122 -20
72 350 25
29 76 23
83 341 -5
26 151 -2
31 343 8
5 11 27
28 387 -14
71 208 -1
21 267 -26
46 389 -30
69 344 -14
56 309 17
81 50 13
23 324 17
19 184 -17
83 385 3
38 90 -18
4 383 7
78 278 7
9 124 9
54 220 -22
68 43 1
2 101 -21
17 18 3
19 397 13
56 249 -5
84 67 -28
77 243 7
79 191 1
22 129 -25
50 232 -5
8 310 -27
39 329 -17
9 280 14
67 263 -9
64 357 25
9 325 -2
68 309 17
1 66 -27
73 350 4
65 137 16
10 109 9
7 233 -9
12 327 -14
33 205 16
68 247 8
48 187 -9
5 295 23
88 172 -22
17 369 28
38 134 8
42 229 19
3 124 4
33 165 30
8 274 -18
48 199 -22
29 19 7
1 38 29
43 208 7
33 164 11
11 323 9
29 325 25
16 202 21
14 128 13
69 243 -23
65 347 3
25 397 -14
5 24 -18
61 124 4
65 208 -11
9 356 -23
69 322 15
25 47 8
68 134 -5
84 179 24
79 44 -17
29 207 29
89 324 -24
40 121 -24
79 111 4
53 391 -7
70 351 29
30 199 -12
12 126 3
38 64 -21
0 240 16
60 236 9
58 94 -30
86 346 22
24 91 10
19 154 4
79 385 12
32 62 9
27 129 -23
21 381 13
89 8 4
75 140 -27
89 271 -8
85 19 -27
51 91 27
15 177 -27
46 245 -17
78 275 12
9 345 26
22 313 24
70 234 11
64 136 -7
71 328 -7
89 118 16
23 351 22
22 60 -21
24 183 28
5 124 -4
17 256 27
29 56 -18
41 303 17
7 399 12
36 349 -15
49 148 -18
71 164 22
26 190 8
13 166 6
46 316 0
21 398 -9
24 320 -23
71 356 -17
68 41 -20
38 298 -7
36 178 26
12 197 2
74 92 26
39 245 30
87 88 -16
50 388 11
14 56 -6
49 157 -4
26 173 -28
13 370 -19
87 70 3
80 60 13
15 20 -11
15 0 24
73 266 -2
19 389 -26
45 37 20
87 355 16
61 56 -10
80 58 6
37 96 22
50 379 -5
25 307 -12
17 125 14
12 238 -23
28 180 -12
9 255 -12
0 30 -9
43 331 -19
9 111 -12
85 270 7
6 228 -29
88 392 -29
22 156 -26
14 241 -25
52 283 -10
57 231 10
34 282 -10
19 285 21
60 86 23
42 124 6
31 270 10
26 118 -12
17 157 -7
26 400 13
36 174 9
75 246 -30
2 123 10
60 397 -14
17 218 7
28 321 10
5 334 -30
45 86 21
88 395 -25
62 98 26
33 19 19
77 270 -27
70 377 -16
73 253 2
26 272 20
9 349 -30
70 395 8
48 249 5
32 343 27
80 358 -25
12 107 9
33 138 -12
25 388 30
75 225 -26
80 109 -16
9 263 -5
18 13 7
49 271 12
78 90 -23
12 142 13
62 220 3
55 296 28
45 165 -24
47 181 14
0 140 -30
35 157 -7
17 28 -22
54 385 14
56 84 28
50 357 11
2 351 -12
32 192 -2
46 188 19
22 320 14
60 184 3
83 39 -18
30 85 0
17 360 2
74 230 -11
2 12 -4
54 319 4
86 102 -18
39 95 17
51 74 21
31 316 -2
64 7 12
32 106 -29
58 353 -28
27 312 19
27 1 -10
70 281 29
37 234 8
59 97 -2
71 377 -4
26 308 -26
74 180 -11
69 257 -14
21 316 -13
84 291 11
33 342 3
33 293 -26
62 311 15
32 307 -7
66 108 -14
42 118 10
75 16 1
46 363 8
73 62 8
19 178 4
75 8 15
52 41 -27
4 61 27
78 111 -23
41 125 -2
34 376 27
15 232 -12
81 272 -7
35 137 19
15 227 29
79 312 5
14 387 -13
61 156 10
40 123 -10
44 133 -20
23 277 19
70 343 16
26 190 -12
28 386 5
31 196 18
37 96 0
9 232 4
86 283 19
41 309 -22
55 42 -10
72 73 14
28 174 25
33 185 20
11 242 20
41 39 18
87 133 22
26 41 -24
84 46 0
69 320 25
25 125 29
58 172 -5
0 29 -22
78 121 9
70 3 11
88 398 4
49 5 -25
58 238 -6
52 118 6
14 347 25
61 201 28
86 95 -10
35 219 -24
24 140 30
32 388 -19
8 202 -8
28 322 9
7 169 19
48 86 26
55 254 17
87 182 -6
39 190 -28
19 50 14
7 184 13
69 46 -24
89 4 -13
26 249 -29
69 142 26
43 203 27
12 206 28
7 120 25
39 346 10
53 346 -21
78 257 3
1 242 -10
58 301 12
26 253 -20
43 246 6
63 75 -10
14 69 -1
3 159 13
14 272 -30
69 157 -3
56 12 -14
17 11 -4
79 243 -22
15 208 -29
82 202 -8
53 12 0
65 311 -19
46 99 -29
52 236 21
1 154 22
48 167 -5
42 142 -24
67 212 -16
86 156 11
33 304 16
71 308 -27
54 400 22
16 106 -15
44 335 19
83 348 21
6 62 -11
58 351 22
4 108 -23
52 399 -17
28 238 20
35 199 -2
73 217 -2
72 236 18
33 400 -7
68 193 -8
63 374 -11
72 161 -17
39 176 0
89 38 15
46 307 -4
8 256 -21
13 240 18
11 9 -11
78 98 -24
86 257 13
86 125 -2
51 341 -12
72 2 2
80 9 10
79 209 16
75 252 22
72 90 -5
71 299 -13
32 123 -21
29 259 22
58 289 -9
41 129 -21
58 91 17
12 285 -26
74 246 25
77 23 -14
69 13 -22
14 348 20
75 223 -16
0 265 16
34 149 -6
34 5 2
15 210 7
83 369 15
13 172 -26
32 381 -17
79 276 -28
25 160 14
65 112 -22
55 95 8
50 276 -8
27 9 11
71 261 -11
73 279 14
53 39 19
33 150 -1
84 179 -11
0 246 15
80 392 -22
16 175 9
86 31 -18
41 182 -4
90 105 -16
76 11 0
61 357 -18
40 88 18
35 126 30
74 317 12
12 23 18
85 120 -3
8 259 -8
2 190 1
52 196 9
23 16 13
18 349 12
3 216 19
74 101 2
47 265 19
80 264 20
75 218 5
50 184 17
13 379 -29
48 238 10
72 301 20
17 34 7
68 236 -10
46 182 -25
50 351 12
83 36 3
80 68 2
23 170 5
28 265 -1
52 191 23
36 10 -8
71 201 20
49 155 -27
63 291 1
41 243 27
6 263 28
39 93 -19
83 45 -14
65 357 23
9 67 10
4 153 0
8 103 -19
42 164 -10
73 270 8
34 132 -1
26 204 -6
0 51 -2
17 178 13
70 252 24
29 294 -21
28 324 -27
38 252 23
26 246 8
69 131 -8
60 341 29
7 398 4
81 354 23
90 186 7
69 17 30
78 7 22
44 25 8
85 278 -18
82 151 -25
68 356 30
0 329 -24
7 20 16
15 240 17
78 78 18
64 197 3
27 300 25
86 330 5
57 321 -26
61 242 13
60 354 -30
40 299 -9
62 275 13
57 342 -7
33 371 -10
41 377 6
63 284 30
35 317 -29
37 119 -29
58 191 8
75 67 13
65 357 -27
31 378 16
56 310 -23
81 43 -21
15 9 1
51 8 -24
69 135 13
33 288 13
49 254 -27
29 258 -5
7 222 -25
19 134 -5
27 383 -18
45 100 26
16 218 5
24 156 -5
41 35 -30
29 366 -24
26 322 7
44 121 24
6 142 -12
38 265 14
52 183 -13
74 179 9
76 297 11
24 321 -9
44 302 10
23 53 3
30 147 -30
18 63 29
13 400 -9
16 145 -30
29 364 22
54 391 -6
39 320 4
42 390 -11
27 369 -12
60 141 -11
75 320 -22
39 119 6
0 194 -22
29 196 1
21 262 -4
21 19 -25
77 257 27
38 41 29
6 74 0
60 388 -26
59 137 18
7 328 -3
67 107 14
44 325 -16
27 297 -22
21 269 4
15 190 12
31 394 10
28 119 20
90 278 -25
9 112 -24
12 164 -14
71 273 7
51 36 -21
43 133 -10
75 139 -15
72 137 -9
41 231 -24
59 394 -18
76 71 9
60 221 -6
86 80 -18
58 284 4
9 51 -9
44 132 2
64 301 2
22 99 13
72 192 -24
44 203 -24
55 275 -24
1 149 -19
25 202 -13
36 313 10
63 209 18
57 77 8
68 340 23
47 83 14
23 307 3
84 374 -17
28 216 -6
10 185 20
34 268 -1
18 183 -2
68 39 -28
4 46 -7
45 281 -7
14 388 20
62 143 -25
30 334 24
4 342 19
3 176 -23
59 43 16
34 352 11
22 374 -13
73 220 17
58 389 29
14 23 24
49 365 23
69 353 -12
22 185 -16
46 253 9
34 173 5
31 306 -27
20 212 -11
10 310 4
18 305 12
19 150 -17
16 187 20
72 373 -5
27 325 23
43 191 -22
51 353 19
3 221 29
39 388 -26
22 340 -26
72 146 29
83 306 -14
85 223 6
69 53 -7
1 359 7
60 260 28
18 235 -10
29 261 -18
79 132 -21
35 298 -23
11 215 -17
12 46 -19
55 333 -17
3 126 27
30 34 -13
4 242 -14
9 208 19
18 178 18
88 182 -1
52 349 19
3 299 -14
73 332 3
48 74 -8
12 143 -15
74 15 -22
19 287 0
75 239 28
44 110 -5
41 77 22
88 130 -19
78 69 -28
6 160 -7
38 21 10
10 199 -25
32 260 -8
50 222 29
42 96 28
78 40 -27
68 182 -3
77 251 11
80 50 21
65 177 -23
38 36 10
8 222 -30
23 387 -28
24 103 23
37 92 -23
5 2 1
13 40 27
4 43 -17
62 286 14
87 171 -29
46 107 -2
45 13 30
25 207 16
12 134 -16
0 289 -11
75 197 12
17 330 12
13 58 20
44 30 4
61 336 4
2 277 -19
57 53 23
88 252 2
0 365 -13
19 305 -14
61 209 11
14 307 11
3 31 -10
37 297 -15
68 315 -18
63 169 -30
59 300 -28
15 76 -16
43 150 7
19 354 11
41 358 -23
14 10 0
19 367 -17
88 264 9
73 350 -12
32 146 12
81 275 -13
82 161 10
20 7 10
55 380 -2
88 199 -28
48 94 -24
44 222 -5
25 1 -20
26 332 -9
81 172 -18
79 251 -20
34 61 -17
77 357 14
55 390 -27
88 51 27
76 361 5
61 93 9
14 182 16
80 148 25
64 369 -28
73 119 -21
0 98 -26
38 91 -18
15 162 -4
29 350 -1
64 48 1
83 286 -2
76 181 -21
5 80 -15
63 163 8
22 333 -26
2 270 -8
19 283 -29
70 295 -19
11 78 14
40 53 9
85 361 -19
53 301 25
22 362 5
46 295 17
39 171 5
55 288 -10
39 271 14
13 322 -1
47 262 14
8 239 -22
48 348 18
50 169 27
1 177 16
37 91 8
85 34 -1
50 37 8
40 198 -21
25 42 -23
7 103 -26
22 3 -7
19 237 19
22 309 25
89 332 22
50 390 -24
49 87 -26
50 95 29
70 20 0
53 310 -16
48 219 -21
53 264 27
4 172 11
86 394 -17
38 48 -9
55 155 7
29 228 -1
44 343 15
25 202 6
64 276 6
84 0 -11
32 133 25
63 20 -20
48 327 -4
35 2 14
16 71 3
7 131 27
58 294 -9
75 307 18
63 44 -27
86 138 6
2 36 14
16 256 6
15 243 29
84 392 -6
43 323 6
69 363 -28
55 377 -9
51 290 -22
42 151 22
85 296 7
78 80 2
62 375 15
3 274 16
24 141 -16
27 8 -16
76 379 -16
52 94 -24
73 282 10
71 349 30
37 279 -4
79 315 2
23 199 -17
27 305 9
14 145 13
21 299 8
44 3 -19
30 266 29
70 315 24
89 337 6
14 361 -29
39 139 6
30 285 -21
34 371 -10
22 25 -25
15 327 17
76 32 28
8 297 -14
21 2 -27
50 24 -13
50 130 28
46 158 22
23 75 -27
43 384 10
52 317 14
85 317 -2
10 185 -21
61 286 15
19 394 -21
60 183 17
16 52 6
17 103 -19
82 109 1
62 322 -29
69 298 13
33 20 -30
83 185 5
40 194 -13
59 15 2
75 257 12
12 341 -20
20 247 25
46 382 14
82 350 -12
28 190 27
30 107 -12
6 303 5
85 3 30
52 16 10
53 228 -6
29 326 -6
61 158 26
24 161 15
52 315 -17
51 314 9
90 157 11
36 21 9
7 373 23
79 255 21
13 187 4
52 315 -4
70 109 -14
21 222 -25
90 311 3
23 218 -21
43 382 -7
73 163 29
40 93 -2
25 331 -27
27 298 1
67 127 -7
72 300 -25
77 152 27
25 300 5
65 333 -30
68 335 -18
53 215 -13
47 23 -9
69 225 5
66 209 -9
24 113 -12
18 23 7
62 113 -14
14 139 7
79 398 -23
53 97 30
15 23 -21
42 381 -12
50 124 -7
1 261 -30
26 303 8
78 327 12
56 23 -7
74 396 21
60 15 -1
27 119 -18
84 400 0
29 337 -12
51 373 -24
22 189 -29
72 312 -30
68 204 11
12 385 29
84 398 17
81 270 10
25 321 -3
4 163 19
45 362 13
51 132 12
